67
1	0	0	0.456
0	1	0	0.725
0	0	1	-0.15
1	0	0	0.456
0	1	0	0.7294438879
0	0	1	-0.1452110638
1	0	0	0.456
0	1	0	0.7364923338
0	0	1	-0.1372165178
1	0	0	0.456
0	1	0	0.74581142
0	0	1	-0.1264838467
1	0	0	0.456
0	1	0	0.7570672288
0	0	1	-0.1134805354
1	0	0	0.456
0	1	0	0.7699258424
0	0	1	-0.09867406851
1	0	0	0.456
0	1	0	0.7840533434
0	0	1	-0.08253193088
1	0	0	0.456
0	1	0	0.7991158138
0	0	1	-0.06552160726
1	0	0	0.456
0	1	0	0.8147793361
0	0	1	-0.04811058241
1	0	0	0.456
0	1	0	0.8307099925
0	0	1	-0.0307663411
1	0	0	0.456
0	1	0	0.8465738654
0	0	1	-0.01395636809
1	0	0	0.456
0	1	0	0.862037037
0	0	1	0.001851851852
1	0	0	0.456
0	1	0	0.8767655898
0	0	1	0.01619083396
1	0	0	0.456
0	1	0	0.8904256059
0	0	1	0.02859309347
1	0	0	0.456
0	1	0	0.9026831678
0	0	1	0.03859114562
1	0	0	0.456
0	1	0	0.9132043576
0	0	1	0.04571750563
1	0	0	0.456
0	1	0	0.9216552578
0	0	1	0.04950468876
1	0	0	0.456
0	1	0	0.9283670034
0	0	1	0.04954921112
1	0	0	0.456
0	0.9999641818	-0.008463399925	0.9369834711
0	0.008463399925	0.9999641818	0.04609316304
1	0	0	0.456
0	0.999484874	-0.03207417935	0.9478037955
0	0.03207417935	0.999484874	0.03956507221
1	0	0	0.456
0	0.9976879083	-0.0677788227	0.9604606673
0	0.0677788227	0.9976879083	0.03036563987
1	0	0	0.456
0	0.9936149034	-0.1119809984	0.9745867769
0	0.1119809984	0.9936149034	0.01889556724
1	0	0	0.456
0	0.9865998963	-0.1605787099	0.9898148148
0	0.1605787099	0.9865998963	0.005555555556
1	0	0	0.456
0	0.9765615062	-0.2092224635	1.005777472
0	0.2092224635	0.9765615062	-0.009253693964
1	0	0	0.456
0	0.964168858	-0.2537983903	1.022107438
0	0.2537983903	0.964168858	-0.02513148009
1	0	0	0.456
0	0.9508429894	-0.2909873559	1.038437404
0	0.2909873559	0.9508429894	-0.04167710159
1	0	0	0.456
0	0.9385866066	-0.3186433436	1.054400061
0	0.3186433436	0.9385866066	-0.05848985725
1	0	0	0.456
0	0.929682557	-0.3357178332	1.069628099
0	0.3357178332	0.929682557	-0.07516904583
1	0	0	0.456
0	0.9263260524	-0.3415656147	1.083754209
0	0.3415656147	0.9263260524	-0.09131396611
1	0	0	0.456
0	0.9302161116	-0.3346923751	1.096411081
0	0.3346923751	0.9302161116	-0.1065239169
1	0	0	0.456
0	0.9420276276	-0.3113222243	1.107231405
0	0.3113222243	0.9420276276	-0.1203981968
1	0	0	0.456
0	0.960597205	-0.2646095796	1.115847873
0	0.2646095796	0.960597205	-0.1325361049
1	0	0	0.456
0	0.9817747148	-0.1859370854	1.121893174
0	0.1859370854	0.9817747148	-0.1425369396
1	0	0	0.456
0	0.9975223312	-0.07014761192	1.125
0	0.07014761192	0.9975223312	-0.15
1	0	0	0.456
0	1	0	1.12545218
0	0	1	-0.1571180121
0.9999121041	0.0002488973671	-0.01325564679	0.456
0.0002488973671	0.9992951899	0.03753641238	1.123934246
0.01325564679	-0.03753641238	0.999207294	-0.1661727468
0.9987468306	0.001436197477	-0.05000693977	0.456
0.001436197477	0.9983540428	0.0573105595	1.12067994
0.05000693977	-0.0573105595	0.9971008734	-0.1768970699
0.9944135524	0.003344647555	-0.1053114864	0.456
0.003344647555	0.9979975347	0.06305076688	1.115923004
0.1053114864	-0.06305076688	0.9924110871	-0.1890238473
0.9846587857	0.005190380088	-0.1735470186	0.456
0.005190380088	0.9982439431	0.05871601651	1.109897181
0.1735470186	-0.05871601651	0.9829027288	-0.2022859448
0.967955255	0.006261350942	-0.2484110912	0.456
0.006261350942	0.9987765696	0.048538037	1.102836213
0.2484110912	-0.048538037	0.9667318246	-0.2164162284
0.9441612756	0.006382510526	-0.3233052151	0.456
0.006382510526	0.9992704626	0.03695462173	1.094973843
0.3233052151	-0.03695462173	0.9434317381	-0.2311475638
0.9148576397	0.006164488609	-0.3920671427	0.456
0.006164488609	0.9995536779	0.02838649795	1.086543813
0.3920671427	-0.02838649795	0.9144113176	-0.2462128169
0.8833001881	0.006997105491	-0.4497703044	0.456
0.006997105491	0.9995804665	0.02696739794	1.077779865
0.4497703044	-0.02696739794	0.8828806546	-0.2613448535
0.8540194226	0.01077674391	-0.4931851912	0.456
0.01077674391	0.999204427	0.03640847707	1.068915741
0.4931851912	-0.03640847707	0.8532238496	-0.2762765395
0.8321969852	0.01938594964	-0.5205388297	0.456
0.01938594964	0.9977603797	0.06013681905	1.060185185
0.5205388297	-0.06013681905	0.8299573648	-0.2907407407
0.8229592238	0.03393903989	-0.5304130397	0.456
0.03393903989	0.9934938241	0.1016811477	1.051821938
0.5304130397	-0.1016811477	0.8164530479	-0.3044703231
0.8305818193	0.05376157647	-0.5199405898	0.456
0.05376157647	0.9829398056	0.1649930702	1.044059743
0.5199405898	-0.1649930702	0.8135216249	-0.3171981523
0.8573185986	0.07505634909	-0.482877575	0.456
0.07505634909	0.9605172399	0.25401368	1.037132343
0.482877575	-0.25401368	0.8178358385	-0.3286570944
0.9013252296	0.08942082924	-0.4087589342	0.456
0.08942082924	0.9189652566	0.370424605	1.031273479
0.4087589342	-0.370424605	0.8202904862	-0.338580015
0.953368762	0.08313414062	-0.2852690437	0.456
0.08313414062	0.8517885084	0.5085774646	1.026716893
0.2852690437	-0.5085774646	0.8051572704	-0.3466997802
0.9934900356	0.0396025476	-0.1065542648	0.456
0.0396025476	0.7590828956	0.648209433	1.023327629
0.1065542648	-0.648209433	0.7525729312	-0.3533447422
1	-0	0	0.456
0	0.7071769186	0.707	1.019102179
-0	-0.707	0.7071769186	-0.3617956424
0.9958597553	-0.03644260554	0.08327528511	0.456
-0.03644260554	0.6792306764	0.7329925091	1.013841584
-0.08327528511	-0.7329925091	0.6750904317	-0.3723168322
0.9809554339	-0.07944311713	0.1772388182	0.456
-0.07944311713	0.6686084191	0.7393397221	1.007712803
-0.1772388182	-0.7393397221	0.6495638531	-0.3845743941
0.9521449261	-0.1247545537	0.2790224288	0.456
-0.1247545537	0.6747743262	0.7273903416	1.000882795
-0.2790224288	-0.7273903416	0.6269192523	-0.3982344102
0.9073728525	-0.1678508598	0.3853528574	0.456
-0.1678508598	0.6958352717	0.6983029295	0.9935185185
-0.3853528574	-0.6983029295	0.6032081242	-0.412962963
0.8459930818	-0.2043671506	0.4924687287	0.456
-0.2043671506	0.7288048308	0.6535059074	0.9857869327
-0.4924687287	-0.6535059074	0.5747979127	-0.4284261346
0.7689594974	-0.230563767	0.5962693771	0.456
-0.230563767	0.7699119848	0.5950390178	0.9778549962
-0.5962693771	-0.5950390178	0.5388714823	-0.4442900075
0.6788242229	-0.2437652855	0.6926556899	0.456
-0.2437652855	0.8149875593	0.5257102934	0.969889668
-0.6926556899	-0.5257102934	0.4938117821	-0.4602206639
0.5795127267	-0.2427015534	0.7779827785	0.456
-0.2427015534	0.8599147994	0.4490448127	0.9620579069
-0.7779827785	-0.4490448127	0.4394275261	-0.4758841862
0.4758949702	-0.2276814752	0.8495187301	0.456
-0.2276814752	0.9010907142	0.3690475509	0.9545266717
-0.8495187301	-0.3690475509	0.3769856844	-0.4909466566
0.3732244581	-0.2005599686	0.9058018253	0.456
-0.2005599686	0.9358234355	0.2898447266	0.9474629212
-0.9058018253	-0.2898447266	0.3090478936	-0.5050741576
0.2765547147	-0.1645041632	0.946812752	0.456
-0.1645041632	0.962593412	0.2152956729	0.9410336144
-0.946812752	-0.2152956729	0.2391481267	-0.5179327712
0.1902524282	-0.1236108934	0.9739217256	0.456
-0.1236108934	0.9811303504	0.1486726713	0.93540571
-0.9739217256	-0.1486726713	0.1713827786	-0.52918858
0.1177053608	-0.08245804631	0.9896189898	0.456
-0.08245804631	0.9922935841	0.09248843285	0.9307461669
-0.9896189898	-0.09248843285	0.1099989449	-0.5385076662
0.06127870831	-0.0456769555	0.9970749314	0.456
-0.0456769555	0.9977774188	0.04851636761	0.927221944
-0.9970749314	-0.04851636761	0.05905612714	-0.5455561121
0.02251988134	-0.01760968903	0.9995912845	0.456
-0.01760968903	0.9996827545	0.01800803038	0.925
-0.9995912845	-0.01800803038	0.02220263586	-0.55
